제품명,1월,2월,3월,4월,5월,6월,합계
노트북,15000000,18000000,20000000,22000000,19000000,21000000,115000000
스마트폰,25000000,28000000,30000000,32000000,35000000,38000000,188000000
태블릿,8000000,9000000,10000000,11000000,12000000,13000000,63000000
웨어러블,5000000,5500000,6000000,6500000,7000000,7500000,37500000
액세서리,3000000,3200000,3500000,3800000,4000000,4200000,21700000
합계,56000000,63700000,69500000,75300000,77000000,83700000,425200000